{
 "cells": [
  {
   "cell_type": "markdown",
   "metadata": {
    "papermill": {
     "duration": 0.021934,
     "end_time": "2020-12-31T20:57:35.253309",
     "exception": false,
     "start_time": "2020-12-31T20:57:35.231375",
     "status": "completed"
    },
    "tags": []
   },
   "source": [
    "# DATA"
   ]
  },
  {
   "cell_type": "code",
   "execution_count": 1,
   "metadata": {
    "_cell_guid": "b1076dfc-b9ad-4769-8c92-a6c4dae69d19",
    "_uuid": "8f2839f25d086af736a60e9eeb907d3b93b6e0e5",
    "execution": {
     "iopub.execute_input": "2020-12-31T20:57:35.298629Z",
     "iopub.status.busy": "2020-12-31T20:57:35.297521Z",
     "iopub.status.idle": "2020-12-31T20:57:35.312089Z",
     "shell.execute_reply": "2020-12-31T20:57:35.311307Z"
    },
    "papermill": {
     "duration": 0.037925,
     "end_time": "2020-12-31T20:57:35.312214",
     "exception": false,
     "start_time": "2020-12-31T20:57:35.274289",
     "status": "completed"
    },
    "tags": []
   },
   "outputs": [
    {
     "name": "stdout",
     "output_type": "stream",
     "text": [
      "/kaggle/input/hr-analytics-job-change-of-data-scientists/sample_submission.csv\n",
      "/kaggle/input/hr-analytics-job-change-of-data-scientists/aug_test.csv\n",
      "/kaggle/input/hr-analytics-job-change-of-data-scientists/aug_train.csv\n"
     ]
    }
   ],
   "source": [
    "# This Python 3 environment comes with many helpful analytics libraries installed\n",
    "# It is defined by the kaggle/python Docker image: https://github.com/kaggle/docker-python\n",
    "# For example, here's several helpful packages to load\n",
    "\n",
    "import numpy as np # linear algebra\n",
    "import pandas as pd # data processing, CSV file I/O (e.g. pd.read_csv)\n",
    "\n",
    "# Input data files are available in the read-only \"../input/\" directory\n",
    "# For example, running this (by clicking run or pressing Shift+Enter) will list all files under the input directory\n",
    "\n",
    "import os\n",
    "for dirname, _, filenames in os.walk('/kaggle/input'):\n",
    "    for filename in filenames:\n",
    "        print(os.path.join(dirname, filename))\n",
    "\n",
    "# You can write up to 20GB to the current directory (/kaggle/working/) that gets preserved as output when you create a version using \"Save & Run All\" \n",
    "# You can also write temporary files to /kaggle/temp/, but they won't be saved outside of the current session"
   ]
  },
  {
   "cell_type": "code",
   "execution_count": 2,
   "metadata": {
    "_cell_guid": "79c7e3d0-c299-4dcb-8224-4455121ee9b0",
    "_uuid": "d629ff2d2480ee46fbb7e2d37f6b5fab8052498a",
    "execution": {
     "iopub.execute_input": "2020-12-31T20:57:35.362790Z",
     "iopub.status.busy": "2020-12-31T20:57:35.362012Z",
     "iopub.status.idle": "2020-12-31T20:57:35.464039Z",
     "shell.execute_reply": "2020-12-31T20:57:35.465156Z"
    },
    "papermill": {
     "duration": 0.131883,
     "end_time": "2020-12-31T20:57:35.465437",
     "exception": false,
     "start_time": "2020-12-31T20:57:35.333554",
     "status": "completed"
    },
    "tags": []
   },
   "outputs": [],
   "source": [
    "train = pd.read_csv('/kaggle/input/hr-analytics-job-change-of-data-scientists/aug_train.csv')\n",
    "test = pd.read_csv('/kaggle/input/hr-analytics-job-change-of-data-scientists/aug_test.csv')"
   ]
  },
  {
   "cell_type": "markdown",
   "metadata": {
    "papermill": {
     "duration": 0.020714,
     "end_time": "2020-12-31T20:57:35.509032",
     "exception": false,
     "start_time": "2020-12-31T20:57:35.488318",
     "status": "completed"
    },
    "tags": []
   },
   "source": [
    "# Data Exploratory"
   ]
  },
  {
   "cell_type": "code",
   "execution_count": 3,
   "metadata": {
    "execution": {
     "iopub.execute_input": "2020-12-31T20:57:35.563244Z",
     "iopub.status.busy": "2020-12-31T20:57:35.560321Z",
     "iopub.status.idle": "2020-12-31T20:57:35.567782Z",
     "shell.execute_reply": "2020-12-31T20:57:35.567011Z"
    },
    "papermill": {
     "duration": 0.037082,
     "end_time": "2020-12-31T20:57:35.567912",
     "exception": false,
     "start_time": "2020-12-31T20:57:35.530830",
     "status": "completed"
    },
    "tags": []
   },
   "outputs": [],
   "source": [
    "# function Exploratory Data Analysis\n",
    "def eda(dfA, all=False, desc='Exploratory Data Analysis'):\n",
    "    print(desc)\n",
    "    print(f'\\nShape:\\n{dfA.shape}')\n",
    "    print(f'\\nDTypes - Numerics')\n",
    "    print(dfA.select_dtypes(include=np.number).columns.tolist())\n",
    "    print(f'\\nDTypes - Categoricals')\n",
    "    print(dfA.select_dtypes(include='object').columns.tolist())\n",
    "    print(f'\\nIs Null: {dfA.isnull().sum().sum()}')\n",
    "    print(f'{dfA.isnull().mean().sort_values(ascending=False)}')\n",
    "    dup = dfA.duplicated()\n",
    "    print(f'\\nDuplicated: \\n{dfA[dup].shape}\\n')\n",
    "    try:\n",
    "        print(dfA[dfA.duplicated(keep=False)].sample(4))\n",
    "    except:\n",
    "        pass\n",
    "    if all:  # here you put yours prefered analysis that detail more your dataset\n",
    "        \n",
    "        print(f'\\nDTypes - Numerics')\n",
    "        print(dfA.describe(include=[np.number]))\n",
    "        print(f'\\nDTypes - Categoricals')\n",
    "        print(dfA.describe(include=['object']))\n"
   ]
  },
  {
   "cell_type": "code",
   "execution_count": 4,
   "metadata": {
    "execution": {
     "iopub.execute_input": "2020-12-31T20:57:35.627222Z",
     "iopub.status.busy": "2020-12-31T20:57:35.622043Z",
     "iopub.status.idle": "2020-12-31T20:57:35.748807Z",
     "shell.execute_reply": "2020-12-31T20:57:35.747645Z"
    },
    "papermill": {
     "duration": 0.160233,
     "end_time": "2020-12-31T20:57:35.749045",
     "exception": false,
     "start_time": "2020-12-31T20:57:35.588812",
     "status": "completed"
    },
    "tags": []
   },
   "outputs": [
    {
     "name": "stdout",
     "output_type": "stream",
     "text": [
      "Exploratory Data Analysis\n",
      "\n",
      "Shape:\n",
      "(19158, 14)\n",
      "\n",
      "DTypes - Numerics\n",
      "['enrollee_id', 'city_development_index', 'training_hours', 'target']\n",
      "\n",
      "DTypes - Categoricals\n",
      "['city', 'gender', 'relevent_experience', 'enrolled_university', 'education_level', 'major_discipline', 'experience', 'company_size', 'company_type', 'last_new_job']\n",
      "\n",
      "Is Null: 20733\n",
      "company_type              0.320493\n",
      "company_size              0.309949\n",
      "gender                    0.235306\n",
      "major_discipline          0.146832\n",
      "education_level           0.024011\n",
      "last_new_job              0.022080\n",
      "enrolled_university       0.020148\n",
      "experience                0.003393\n",
      "target                    0.000000\n",
      "training_hours            0.000000\n",
      "relevent_experience       0.000000\n",
      "city_development_index    0.000000\n",
      "city                      0.000000\n",
      "enrollee_id               0.000000\n",
      "dtype: float64\n",
      "\n",
      "Duplicated: \n",
      "(0, 14)\n",
      "\n"
     ]
    }
   ],
   "source": [
    "eda(train)"
   ]
  },
  {
   "cell_type": "code",
   "execution_count": 5,
   "metadata": {
    "execution": {
     "iopub.execute_input": "2020-12-31T20:57:35.798933Z",
     "iopub.status.busy": "2020-12-31T20:57:35.797929Z",
     "iopub.status.idle": "2020-12-31T20:57:35.801566Z",
     "shell.execute_reply": "2020-12-31T20:57:35.800739Z"
    },
    "papermill": {
     "duration": 0.031101,
     "end_time": "2020-12-31T20:57:35.801693",
     "exception": false,
     "start_time": "2020-12-31T20:57:35.770592",
     "status": "completed"
    },
    "tags": []
   },
   "outputs": [],
   "source": [
    "# function Fill NaN values\n",
    "def cleanNaN(dfA):\n",
    "  for col in dfA:\n",
    "    if type(dfA[col]) == 'object':\n",
    "        dfA[col] = dfA[col].fillna('unknow')\n",
    "    else:\n",
    "        dfA[col] = dfA[col].fillna(0)\n",
    "  return dfA"
   ]
  },
  {
   "cell_type": "code",
   "execution_count": 6,
   "metadata": {
    "execution": {
     "iopub.execute_input": "2020-12-31T20:57:35.853622Z",
     "iopub.status.busy": "2020-12-31T20:57:35.849650Z",
     "iopub.status.idle": "2020-12-31T20:57:35.885266Z",
     "shell.execute_reply": "2020-12-31T20:57:35.884557Z"
    },
    "papermill": {
     "duration": 0.062152,
     "end_time": "2020-12-31T20:57:35.885404",
     "exception": false,
     "start_time": "2020-12-31T20:57:35.823252",
     "status": "completed"
    },
    "tags": []
   },
   "outputs": [],
   "source": [
    "treino = cleanNaN(train)"
   ]
  },
  {
   "cell_type": "code",
   "execution_count": 7,
   "metadata": {
    "execution": {
     "iopub.execute_input": "2020-12-31T20:57:35.960882Z",
     "iopub.status.busy": "2020-12-31T20:57:35.937604Z",
     "iopub.status.idle": "2020-12-31T20:57:36.040662Z",
     "shell.execute_reply": "2020-12-31T20:57:36.039768Z"
    },
    "papermill": {
     "duration": 0.133952,
     "end_time": "2020-12-31T20:57:36.040867",
     "exception": false,
     "start_time": "2020-12-31T20:57:35.906915",
     "status": "completed"
    },
    "tags": []
   },
   "outputs": [
    {
     "name": "stdout",
     "output_type": "stream",
     "text": [
      "Exploratory Data Analysis\n",
      "\n",
      "Shape:\n",
      "(19158, 14)\n",
      "\n",
      "DTypes - Numerics\n",
      "['enrollee_id', 'city_development_index', 'training_hours', 'target']\n",
      "\n",
      "DTypes - Categoricals\n",
      "['city', 'gender', 'relevent_experience', 'enrolled_university', 'education_level', 'major_discipline', 'experience', 'company_size', 'company_type', 'last_new_job']\n",
      "\n",
      "Is Null: 0\n",
      "target                    0.0\n",
      "training_hours            0.0\n",
      "last_new_job              0.0\n",
      "company_type              0.0\n",
      "company_size              0.0\n",
      "experience                0.0\n",
      "major_discipline          0.0\n",
      "education_level           0.0\n",
      "enrolled_university       0.0\n",
      "relevent_experience       0.0\n",
      "gender                    0.0\n",
      "city_development_index    0.0\n",
      "city                      0.0\n",
      "enrollee_id               0.0\n",
      "dtype: float64\n",
      "\n",
      "Duplicated: \n",
      "(0, 14)\n",
      "\n"
     ]
    }
   ],
   "source": [
    "eda(treino)"
   ]
  },
  {
   "cell_type": "code",
   "execution_count": 8,
   "metadata": {
    "execution": {
     "iopub.execute_input": "2020-12-31T20:57:36.095266Z",
     "iopub.status.busy": "2020-12-31T20:57:36.094242Z",
     "iopub.status.idle": "2020-12-31T20:57:36.097486Z",
     "shell.execute_reply": "2020-12-31T20:57:36.096833Z"
    },
    "papermill": {
     "duration": 0.031918,
     "end_time": "2020-12-31T20:57:36.097605",
     "exception": false,
     "start_time": "2020-12-31T20:57:36.065687",
     "status": "completed"
    },
    "tags": []
   },
   "outputs": [],
   "source": [
    "# changing Categoricals to number\n",
    "def catToNumeric(dfA):\n",
    "    for x in dfA.select_dtypes(include='object').columns.tolist():\n",
    "        ncol = 'cc_'+x \n",
    "        dfA[x] = pd.Categorical(dfA[x])\n",
    "        dfA[ncol] = dfA[x].cat.codes\n",
    "    return dfA"
   ]
  },
  {
   "cell_type": "code",
   "execution_count": 9,
   "metadata": {
    "execution": {
     "iopub.execute_input": "2020-12-31T20:57:36.150654Z",
     "iopub.status.busy": "2020-12-31T20:57:36.149930Z",
     "iopub.status.idle": "2020-12-31T20:57:36.204470Z",
     "shell.execute_reply": "2020-12-31T20:57:36.203683Z"
    },
    "papermill": {
     "duration": 0.084297,
     "end_time": "2020-12-31T20:57:36.204608",
     "exception": false,
     "start_time": "2020-12-31T20:57:36.120311",
     "status": "completed"
    },
    "tags": []
   },
   "outputs": [
    {
     "data": {
      "text/plain": [
       "['enrollee_id',\n",
       " 'city_development_index',\n",
       " 'training_hours',\n",
       " 'target',\n",
       " 'cc_city',\n",
       " 'cc_gender',\n",
       " 'cc_relevent_experience',\n",
       " 'cc_enrolled_university',\n",
       " 'cc_education_level',\n",
       " 'cc_major_discipline',\n",
       " 'cc_experience',\n",
       " 'cc_company_size',\n",
       " 'cc_company_type',\n",
       " 'cc_last_new_job']"
      ]
     },
     "execution_count": 9,
     "metadata": {},
     "output_type": "execute_result"
    }
   ],
   "source": [
    "treino2 = catToNumeric(treino)\n",
    "ncols = treino2.select_dtypes(include=np.number).columns.tolist()\n",
    "ncols"
   ]
  },
  {
   "cell_type": "code",
   "execution_count": 10,
   "metadata": {
    "execution": {
     "iopub.execute_input": "2020-12-31T20:57:36.257284Z",
     "iopub.status.busy": "2020-12-31T20:57:36.256565Z",
     "iopub.status.idle": "2020-12-31T20:57:39.998195Z",
     "shell.execute_reply": "2020-12-31T20:57:39.997149Z"
    },
    "papermill": {
     "duration": 3.770721,
     "end_time": "2020-12-31T20:57:39.998346",
     "exception": false,
     "start_time": "2020-12-31T20:57:36.227625",
     "status": "completed"
    },
    "tags": []
   },
   "outputs": [],
   "source": [
    "import plotly.graph_objects as go\n",
    "import plotly.figure_factory as ff"
   ]
  },
  {
   "cell_type": "markdown",
   "metadata": {
    "papermill": {
     "duration": 0.022645,
     "end_time": "2020-12-31T20:57:40.047374",
     "exception": false,
     "start_time": "2020-12-31T20:57:40.024729",
     "status": "completed"
    },
    "tags": []
   },
   "source": [
    "**Correlation between variables**"
   ]
  },
  {
   "cell_type": "code",
   "execution_count": 11,
   "metadata": {
    "execution": {
     "iopub.execute_input": "2020-12-31T20:57:40.109110Z",
     "iopub.status.busy": "2020-12-31T20:57:40.107979Z",
     "iopub.status.idle": "2020-12-31T20:57:40.112536Z",
     "shell.execute_reply": "2020-12-31T20:57:40.111759Z"
    },
    "papermill": {
     "duration": 0.041915,
     "end_time": "2020-12-31T20:57:40.112662",
     "exception": false,
     "start_time": "2020-12-31T20:57:40.070747",
     "status": "completed"
    },
    "tags": []
   },
   "outputs": [],
   "source": [
    "def correlation(dfA, varT, minValue=0.5, showGraphic=True, title='Correlation between variables'):\n",
    "    corr = dfA.corr()\n",
    "    print(f'\\nAnalysing features:\\n'\n",
    "          f'Target: {varT}\\n'\n",
    "          f'minValue de ref.: {minValue}\\n'\n",
    "          f'\\nMain Features:')\n",
    "    corrs = corr[varT]\n",
    "    features = []\n",
    "    for i in range(0, len(corrs)):\n",
    "        if corrs[i] > minValue and corrs.index[i] != varT:\n",
    "            print(corrs.index[i], f'{corrs[i]:.2f}')\n",
    "            features.append(corrs.index[i])\n",
    "    if showGraphic:     \n",
    "        z_text = np.around(corr.values, decimals=2) \n",
    "        fig2 = ff.create_annotated_heatmap(corr.values, \n",
    "                                          annotation_text=z_text,\n",
    "                                           x=corr.index.values.tolist(),\n",
    "                                y=corr.columns.values.tolist(),\n",
    "                                colorscale='Viridis',\n",
    "                                hoverongaps = False)\n",
    "        \n",
    "        for i in range(len(fig2.layout.annotations)):\n",
    "            fig2.layout.annotations[i].font.size = 8\n",
    "            \n",
    "        fig2.show()\n",
    "\n",
    "        \n",
    "        \n",
    "    \n",
    "    return features"
   ]
  },
  {
   "cell_type": "code",
   "execution_count": 12,
   "metadata": {
    "execution": {
     "iopub.execute_input": "2020-12-31T20:57:40.163167Z",
     "iopub.status.busy": "2020-12-31T20:57:40.162377Z",
     "iopub.status.idle": "2020-12-31T20:57:40.166374Z",
     "shell.execute_reply": "2020-12-31T20:57:40.166969Z"
    },
    "papermill": {
     "duration": 0.031374,
     "end_time": "2020-12-31T20:57:40.167118",
     "exception": false,
     "start_time": "2020-12-31T20:57:40.135744",
     "status": "completed"
    },
    "tags": []
   },
   "outputs": [],
   "source": [
    "varTarget = 'target'"
   ]
  },
  {
   "cell_type": "code",
   "execution_count": 13,
   "metadata": {
    "execution": {
     "iopub.execute_input": "2020-12-31T20:57:40.219672Z",
     "iopub.status.busy": "2020-12-31T20:57:40.218874Z",
     "iopub.status.idle": "2020-12-31T20:57:40.793979Z",
     "shell.execute_reply": "2020-12-31T20:57:40.794527Z"
    },
    "papermill": {
     "duration": 0.603436,
     "end_time": "2020-12-31T20:57:40.794675",
     "exception": false,
     "start_time": "2020-12-31T20:57:40.191239",
     "status": "completed"
    },
    "tags": []
   },
   "outputs": [
    {
     "name": "stdout",
     "output_type": "stream",
     "text": [
      "\n",
      "Analysing features:\n",
      "Target: target\n",
      "minValue de ref.: -0.999\n",
      "\n",
      "Main Features:\n",
      "enrollee_id 0.05\n",
      "city_development_index -0.34\n",
      "training_hours -0.02\n",
      "cc_city 0.06\n",
      "cc_gender -0.08\n",
      "cc_relevent_experience 0.13\n",
      "cc_enrolled_university -0.15\n",
      "cc_education_level -0.08\n",
      "cc_major_discipline 0.06\n",
      "cc_experience -0.01\n",
      "cc_company_size -0.19\n",
      "cc_company_type -0.20\n",
      "cc_last_new_job -0.03\n"
     ]
    },
    {
     "data": {
      "text/html": [
       "        <script type=\"text/javascript\">\n",
       "        window.PlotlyConfig = {MathJaxConfig: 'local'};\n",
       "        if (window.MathJax) {MathJax.Hub.Config({SVG: {font: \"STIX-Web\"}});}\n",
       "        if (typeof require !== 'undefined') {\n",
       "        require.undef(\"plotly\");\n",
       "        requirejs.config({\n",
       "            paths: {\n",
       "                'plotly': ['https://cdn.plot.ly/plotly-latest.min']\n",
       "            }\n",
       "        });\n",
       "        require(['plotly'], function(Plotly) {\n",
       "            window._Plotly = Plotly;\n",
       "        });\n",
       "        }\n",
       "        </script>\n",
       "        "
      ]
     },
     "metadata": {},
     "output_type": "display_data"
    },
    {
     "data": {
      "text/html": [
       "<div>                            <div id=\"d1a84396-4113-4dd3-adcb-657f2ee38ab3\" class=\"plotly-graph-div\" style=\"height:525px; width:100%;\"></div>            <script type=\"text/javascript\">                require([\"plotly\"], function(Plotly) {                    window.PLOTLYENV=window.PLOTLYENV || {};                                    if (document.getElementById(\"d1a84396-4113-4dd3-adcb-657f2ee38ab3\")) {                    Plotly.newPlot(                        \"d1a84396-4113-4dd3-adcb-657f2ee38ab3\",                        [{\"colorscale\": [[0.0, \"#440154\"], [0.1111111111111111, \"#482878\"], [0.2222222222222222, \"#3e4989\"], [0.3333333333333333, \"#31688e\"], [0.4444444444444444, \"#26828e\"], [0.5555555555555556, \"#1f9e89\"], [0.6666666666666666, \"#35b779\"], [0.7777777777777778, \"#6ece58\"], [0.8888888888888888, \"#b5de2b\"], [1.0, \"#fde725\"]], \"hoverongaps\": false, \"reversescale\": false, \"showscale\": false, \"type\": \"heatmap\", \"x\": [\"enrollee_id\", \"city_development_index\", \"training_hours\", \"target\", \"cc_city\", \"cc_gender\", \"cc_relevent_experience\", \"cc_enrolled_university\", \"cc_education_level\", \"cc_major_discipline\", \"cc_experience\", \"cc_company_size\", \"cc_company_type\", \"cc_last_new_job\"], \"y\": [\"enrollee_id\", \"city_development_index\", \"training_hours\", \"target\", \"cc_city\", \"cc_gender\", \"cc_relevent_experience\", \"cc_enrolled_university\", \"cc_education_level\", \"cc_major_discipline\", \"cc_experience\", \"cc_company_size\", \"cc_company_type\", \"cc_last_new_job\"], \"z\": [[1.0, -0.04045502520823866, 0.0009976088521402653, 0.049474762597292464, -0.01156574399720774, 0.04772422111530087, 0.04335921740651826, -0.03628471764237767, -0.025997007296338148, -0.009836890742157031, 0.0012155860485554264, -0.02417417295081482, -0.04427824039571722, -0.02453391737645053], [-0.04045502520823866, 1.0, 0.0019197234754896764, -0.3416650855451506, -0.32610375234935596, 0.15296066607058115, -0.05980755318525731, 0.18254129399228916, 0.07309541742011746, -0.055099224028957026, 0.04049241623716921, 0.05774228274779241, 0.06851277011844413, 0.02766548686849333], [0.0009976088521402653, 0.0019197234754896764, 1.0, -0.021577249713608984, 0.009536756578215804, -0.002380440207643809, -0.011566227609480473, 0.0019357115005558905, -0.014019249297509646, -0.005891475307619932, -0.0064233222516716934, 0.008202996155316616, -0.003071953862444738, -0.007413121671932722], [0.049474762597292464, -0.3416650855451506, -0.021577249713608984, 1.0, 0.056232754591972245, -0.07641645798513905, 0.1284304448054821, -0.1480719337527243, -0.08035246405357614, 0.0554288345720242, -0.009147008145937658, -0.18631972598870575, -0.197852745479226, -0.027653282156882928], [-0.01156574399720774, -0.32610375234935596, 0.009536756578215804, 0.056232754591972245, 1.0, -0.037926565198327, 0.006153963931920342, -0.07863595169790512, 0.0022065759982862567, 0.023856198410677945, -0.04146813251010484, -0.01039493973077306, -0.03358473335709396, -0.012419826797873174], [0.04772422111530087, 0.15296066607058115, -0.002380440207643809, -0.07641645798513905, -0.037926565198327, 1.0, -0.1030323366194602, 0.11252639724951412, -0.007900689351113948, 0.033729029956493344, 0.014335461272523076, 0.028411070416896774, 0.05925525790527028, 0.04494870940333698], [0.04335921740651826, -0.05980755318525731, -0.011566227609480473, 0.1284304448054821, 0.006153963931920342, -0.1030323366194602, 1.0, -0.3747054610529577, 0.04722526865950177, -0.30311543909711847, -0.009324788881446373, -0.30817080773061495, -0.32493268689016996, 0.16372888644392983], [-0.03628471764237767, 0.18254129399228916, 0.0019357115005558905, -0.1480719337527243, -0.07863595169790512, 0.11252639724951412, -0.3747054610529577, 1.0, 0.08079024095470697, 0.14755913422477465, 0.025273921474235423, 0.19553949374738716, 0.23128505498311488, -0.005341335155836065], [-0.025997007296338148, 0.07309541742011746, -0.014019249297509646, -0.08035246405357614, 0.0022065759982862567, -0.007900689351113948, 0.04722526865950177, 0.08079024095470697, 1.0, -0.11654642885495692, 0.016587180281237214, -0.0034778901100311825, -0.003743578235468192, 0.05710029564005395], [-0.009836890742157031, -0.055099224028957026, -0.005891475307619932, 0.0554288345720242, 0.023856198410677945, 0.033729029956493344, -0.30311543909711847, 0.14755913422477465, -0.11654642885495692, 1.0, 0.01110088917683445, 0.18035117318169275, 0.20581905785598203, -0.1421758187680259], [0.0012155860485554264, 0.04049241623716921, -0.0064233222516716934, -0.009147008145937658, -0.04146813251010484, 0.014335461272523076, -0.009324788881446373, 0.025273921474235423, 0.016587180281237214, 0.01110088917683445, 1.0, -0.027597732481576084, -0.020506787320433192, 0.06392013109761481], [-0.02417417295081482, 0.05774228274779241, 0.008202996155316616, -0.18631972598870575, -0.01039493973077306, 0.028411070416896774, -0.30817080773061495, 0.19553949374738716, -0.0034778901100311825, 0.18035117318169275, -0.027597732481576084, 1.0, 0.5231187197827049, -0.12227780924582249], [-0.04427824039571722, 0.06851277011844413, -0.003071953862444738, -0.197852745479226, -0.03358473335709396, 0.05925525790527028, -0.32493268689016996, 0.23128505498311488, -0.003743578235468192, 0.20581905785598203, -0.020506787320433192, 0.5231187197827049, 1.0, -0.045737393553710044], [-0.02453391737645053, 0.02766548686849333, -0.007413121671932722, -0.027653282156882928, -0.012419826797873174, 0.04494870940333698, 0.16372888644392983, -0.005341335155836065, 0.05710029564005395, -0.1421758187680259, 0.06392013109761481, -0.12227780924582249, -0.045737393553710044, 1.0]]}],                        {\"annotations\": [{\"font\": {\"color\": \"#000000\", \"size\": 8}, \"showarrow\": false, \"text\": \"1.0\", \"x\": \"enrollee_id\", \"xref\": \"x\", \"y\": \"enrollee_id\", \"yref\": \"y\"}, {\"font\": {\"color\": \"#FFFFFF\", \"size\": 8}, \"showarrow\": false, \"text\": \"-0.04\", \"x\": \"city_development_index\", \"xref\": \"x\", \"y\": \"enrollee_id\", \"yref\": \"y\"}, {\"font\": {\"color\": \"#FFFFFF\", \"size\": 8}, \"showarrow\": false, \"text\": \"0.0\", \"x\": \"training_hours\", \"xref\": \"x\", \"y\": \"enrollee_id\", \"yref\": \"y\"}, {\"font\": {\"color\": \"#FFFFFF\", \"size\": 8}, \"showarrow\": false, \"text\": \"0.05\", \"x\": \"target\", \"xref\": \"x\", \"y\": \"enrollee_id\", \"yref\": \"y\"}, {\"font\": {\"color\": \"#FFFFFF\", \"size\": 8}, \"showarrow\": false, \"text\": \"-0.01\", \"x\": \"cc_city\", \"xref\": \"x\", \"y\": \"enrollee_id\", \"yref\": \"y\"}, {\"font\": {\"color\": \"#FFFFFF\", \"size\": 8}, \"showarrow\": false, \"text\": \"0.05\", \"x\": \"cc_gender\", \"xref\": \"x\", \"y\": \"enrollee_id\", \"yref\": \"y\"}, {\"font\": {\"color\": \"#FFFFFF\", \"size\": 8}, \"showarrow\": false, \"text\": \"0.04\", \"x\": \"cc_relevent_experience\", \"xref\": \"x\", \"y\": \"enrollee_id\", \"yref\": \"y\"}, {\"font\": {\"color\": \"#FFFFFF\", \"size\": 8}, \"showarrow\": false, \"text\": \"-0.04\", \"x\": \"cc_enrolled_university\", \"xref\": \"x\", \"y\": \"enrollee_id\", \"yref\": \"y\"}, {\"font\": {\"color\": \"#FFFFFF\", \"size\": 8}, \"showarrow\": false, \"text\": \"-0.03\", \"x\": \"cc_education_level\", \"xref\": \"x\", \"y\": \"enrollee_id\", \"yref\": \"y\"}, {\"font\": {\"color\": \"#FFFFFF\", \"size\": 8}, \"showarrow\": false, \"text\": \"-0.01\", \"x\": \"cc_major_discipline\", \"xref\": \"x\", \"y\": \"enrollee_id\", \"yref\": \"y\"}, {\"font\": {\"color\": \"#FFFFFF\", \"size\": 8}, \"showarrow\": false, \"text\": \"0.0\", \"x\": \"cc_experience\", \"xref\": \"x\", \"y\": \"enrollee_id\", \"yref\": \"y\"}, {\"font\": {\"color\": \"#FFFFFF\", \"size\": 8}, \"showarrow\": false, \"text\": \"-0.02\", \"x\": \"cc_company_size\", \"xref\": \"x\", \"y\": \"enrollee_id\", \"yref\": \"y\"}, {\"font\": {\"color\": \"#FFFFFF\", \"size\": 8}, \"showarrow\": false, \"text\": \"-0.04\", \"x\": \"cc_company_type\", \"xref\": \"x\", \"y\": \"enrollee_id\", \"yref\": \"y\"}, {\"font\": {\"color\": \"#FFFFFF\", \"size\": 8}, \"showarrow\": false, \"text\": \"-0.02\", \"x\": \"cc_last_new_job\", \"xref\": \"x\", \"y\": \"enrollee_id\", \"yref\": \"y\"}, {\"font\": {\"color\": \"#FFFFFF\", \"size\": 8}, \"showarrow\": false, \"text\": \"-0.04\", \"x\": \"enrollee_id\", \"xref\": \"x\", \"y\": \"city_development_index\", \"yref\": \"y\"}, {\"font\": {\"color\": \"#000000\", \"size\": 8}, \"showarrow\": false, \"text\": \"1.0\", \"x\": \"city_development_index\", \"xref\": \"x\", \"y\": \"city_development_index\", \"yref\": \"y\"}, {\"font\": {\"color\": \"#FFFFFF\", \"size\": 8}, \"showarrow\": false, \"text\": \"0.0\", \"x\": \"training_hours\", \"xref\": \"x\", \"y\": \"city_development_index\", \"yref\": \"y\"}, {\"font\": {\"color\": \"#FFFFFF\", \"size\": 8}, \"showarrow\": false, \"text\": \"-0.34\", \"x\": \"target\", \"xref\": \"x\", \"y\": \"city_development_index\", \"yref\": \"y\"}, {\"font\": {\"color\": \"#FFFFFF\", \"size\": 8}, \"showarrow\": false, \"text\": \"-0.33\", \"x\": \"cc_city\", \"xref\": \"x\", \"y\": \"city_development_index\", \"yref\": \"y\"}, {\"font\": {\"color\": \"#FFFFFF\", \"size\": 8}, \"showarrow\": false, \"text\": \"0.15\", \"x\": \"cc_gender\", \"xref\": \"x\", \"y\": \"city_development_index\", \"yref\": \"y\"}, {\"font\": {\"color\": \"#FFFFFF\", \"size\": 8}, \"showarrow\": false, \"text\": \"-0.06\", \"x\": \"cc_relevent_experience\", \"xref\": \"x\", \"y\": \"city_development_index\", \"yref\": \"y\"}, {\"font\": {\"color\": \"#FFFFFF\", \"size\": 8}, \"showarrow\": false, \"text\": \"0.18\", \"x\": \"cc_enrolled_university\", \"xref\": \"x\", \"y\": \"city_development_index\", \"yref\": \"y\"}, {\"font\": {\"color\": \"#FFFFFF\", \"size\": 8}, \"showarrow\": false, \"text\": \"0.07\", \"x\": \"cc_education_level\", \"xref\": \"x\", \"y\": \"city_development_index\", \"yref\": \"y\"}, {\"font\": {\"color\": \"#FFFFFF\", \"size\": 8}, \"showarrow\": false, \"text\": \"-0.06\", \"x\": \"cc_major_discipline\", \"xref\": \"x\", \"y\": \"city_development_index\", \"yref\": \"y\"}, {\"font\": {\"color\": \"#FFFFFF\", \"size\": 8}, \"showarrow\": false, \"text\": \"0.04\", \"x\": \"cc_experience\", \"xref\": \"x\", \"y\": \"city_development_index\", \"yref\": \"y\"}, {\"font\": {\"color\": \"#FFFFFF\", \"size\": 8}, \"showarrow\": false, \"text\": \"0.06\", \"x\": \"cc_company_size\", \"xref\": \"x\", \"y\": \"city_development_index\", \"yref\": \"y\"}, {\"font\": {\"color\": \"#FFFFFF\", \"size\": 8}, \"showarrow\": false, \"text\": \"0.07\", \"x\": \"cc_company_type\", \"xref\": \"x\", \"y\": \"city_development_index\", \"yref\": \"y\"}, {\"font\": {\"color\": \"#FFFFFF\", \"size\": 8}, \"showarrow\": false, \"text\": \"0.03\", \"x\": \"cc_last_new_job\", \"xref\": \"x\", \"y\": \"city_development_index\", \"yref\": \"y\"}, {\"font\": {\"color\": \"#FFFFFF\", \"size\": 8}, \"showarrow\": false, \"text\": \"0.0\", \"x\": \"enrollee_id\", \"xref\": \"x\", \"y\": \"training_hours\", \"yref\": \"y\"}, {\"font\": {\"color\": \"#FFFFFF\", \"size\": 8}, \"showarrow\": false, \"text\": \"0.0\", \"x\": \"city_development_index\", \"xref\": \"x\", \"y\": \"training_hours\", \"yref\": \"y\"}, {\"font\": {\"color\": \"#000000\", \"size\": 8}, \"showarrow\": false, \"text\": \"1.0\", \"x\": \"training_hours\", \"xref\": \"x\", \"y\": \"training_hours\", \"yref\": \"y\"}, {\"font\": {\"color\": \"#FFFFFF\", \"size\": 8}, \"showarrow\": false, \"text\": \"-0.02\", \"x\": \"target\", \"xref\": \"x\", \"y\": \"training_hours\", \"yref\": \"y\"}, {\"font\": {\"color\": \"#FFFFFF\", \"size\": 8}, \"showarrow\": false, \"text\": \"0.01\", \"x\": \"cc_city\", \"xref\": \"x\", \"y\": \"training_hours\", \"yref\": \"y\"}, {\"font\": {\"color\": \"#FFFFFF\", \"size\": 8}, \"showarrow\": false, \"text\": \"-0.0\", \"x\": \"cc_gender\", \"xref\": \"x\", \"y\": \"training_hours\", \"yref\": \"y\"}, {\"font\": {\"color\": \"#FFFFFF\", \"size\": 8}, \"showarrow\": false, \"text\": \"-0.01\", \"x\": \"cc_relevent_experience\", \"xref\": \"x\", \"y\": \"training_hours\", \"yref\": \"y\"}, {\"font\": {\"color\": \"#FFFFFF\", \"size\": 8}, \"showarrow\": false, \"text\": \"0.0\", \"x\": \"cc_enrolled_university\", \"xref\": \"x\", \"y\": \"training_hours\", \"yref\": \"y\"}, {\"font\": {\"color\": \"#FFFFFF\", \"size\": 8}, \"showarrow\": false, \"text\": \"-0.01\", \"x\": \"cc_education_level\", \"xref\": \"x\", \"y\": \"training_hours\", \"yref\": \"y\"}, {\"font\": {\"color\": \"#FFFFFF\", \"size\": 8}, \"showarrow\": false, \"text\": \"-0.01\", \"x\": \"cc_major_discipline\", \"xref\": \"x\", \"y\": \"training_hours\", \"yref\": \"y\"}, {\"font\": {\"color\": \"#FFFFFF\", \"size\": 8}, \"showarrow\": false, \"text\": \"-0.01\", \"x\": \"cc_experience\", \"xref\": \"x\", \"y\": \"training_hours\", \"yref\": \"y\"}, {\"font\": {\"color\": \"#FFFFFF\", \"size\": 8}, \"showarrow\": false, \"text\": \"0.01\", \"x\": \"cc_company_size\", \"xref\": \"x\", \"y\": \"training_hours\", \"yref\": \"y\"}, {\"font\": {\"color\": \"#FFFFFF\", \"size\": 8}, \"showarrow\": false, \"text\": \"-0.0\", \"x\": \"cc_company_type\", \"xref\": \"x\", \"y\": \"training_hours\", \"yref\": \"y\"}, {\"font\": {\"color\": \"#FFFFFF\", \"size\": 8}, \"showarrow\": false, \"text\": \"-0.01\", \"x\": \"cc_last_new_job\", \"xref\": \"x\", \"y\": \"training_hours\", \"yref\": \"y\"}, {\"font\": {\"color\": \"#FFFFFF\", \"size\": 8}, \"showarrow\": false, \"text\": \"0.05\", \"x\": \"enrollee_id\", \"xref\": \"x\", \"y\": \"target\", \"yref\": \"y\"}, {\"font\": {\"color\": \"#FFFFFF\", \"size\": 8}, \"showarrow\": false, \"text\": \"-0.34\", \"x\": \"city_development_index\", \"xref\": \"x\", \"y\": \"target\", \"yref\": \"y\"}, {\"font\": {\"color\": \"#FFFFFF\", \"size\": 8}, \"showarrow\": false, \"text\": \"-0.02\", \"x\": \"training_hours\", \"xref\": \"x\", \"y\": \"target\", \"yref\": \"y\"}, {\"font\": {\"color\": \"#000000\", \"size\": 8}, \"showarrow\": false, \"text\": \"1.0\", \"x\": \"target\", \"xref\": \"x\", \"y\": \"target\", \"yref\": \"y\"}, {\"font\": {\"color\": \"#FFFFFF\", \"size\": 8}, \"showarrow\": false, \"text\": \"0.06\", \"x\": \"cc_city\", \"xref\": \"x\", \"y\": \"target\", \"yref\": \"y\"}, {\"font\": {\"color\": \"#FFFFFF\", \"size\": 8}, \"showarrow\": false, \"text\": \"-0.08\", \"x\": \"cc_gender\", \"xref\": \"x\", \"y\": \"target\", \"yref\": \"y\"}, {\"font\": {\"color\": \"#FFFFFF\", \"size\": 8}, \"showarrow\": false, \"text\": \"0.13\", \"x\": \"cc_relevent_experience\", \"xref\": \"x\", \"y\": \"target\", \"yref\": \"y\"}, {\"font\": {\"color\": \"#FFFFFF\", \"size\": 8}, \"showarrow\": false, \"text\": \"-0.15\", \"x\": \"cc_enrolled_university\", \"xref\": \"x\", \"y\": \"target\", \"yref\": \"y\"}, {\"font\": {\"color\": \"#FFFFFF\", \"size\": 8}, \"showarrow\": false, \"text\": \"-0.08\", \"x\": \"cc_education_level\", \"xref\": \"x\", \"y\": \"target\", \"yref\": \"y\"}, {\"font\": {\"color\": \"#FFFFFF\", \"size\": 8}, \"showarrow\": false, \"text\": \"0.06\", \"x\": \"cc_major_discipline\", \"xref\": \"x\", \"y\": \"target\", \"yref\": \"y\"}, {\"font\": {\"color\": \"#FFFFFF\", \"size\": 8}, \"showarrow\": false, \"text\": \"-0.01\", \"x\": \"cc_experience\", \"xref\": \"x\", \"y\": \"target\", \"yref\": \"y\"}, {\"font\": {\"color\": \"#FFFFFF\", \"size\": 8}, \"showarrow\": false, \"text\": \"-0.19\", \"x\": \"cc_company_size\", \"xref\": \"x\", \"y\": \"target\", \"yref\": \"y\"}, {\"font\": {\"color\": \"#FFFFFF\", \"size\": 8}, \"showarrow\": false, \"text\": \"-0.2\", \"x\": \"cc_company_type\", \"xref\": \"x\", \"y\": \"target\", \"yref\": \"y\"}, {\"font\": {\"color\": \"#FFFFFF\", \"size\": 8}, \"showarrow\": false, \"text\": \"-0.03\", \"x\": \"cc_last_new_job\", \"xref\": \"x\", \"y\": \"target\", \"yref\": \"y\"}, {\"font\": {\"color\": \"#FFFFFF\", \"size\": 8}, \"showarrow\": false, \"text\": \"-0.01\", \"x\": \"enrollee_id\", \"xref\": \"x\", \"y\": \"cc_city\", \"yref\": \"y\"}, {\"font\": {\"color\": \"#FFFFFF\", \"size\": 8}, \"showarrow\": false, \"text\": \"-0.33\", \"x\": \"city_development_index\", \"xref\": \"x\", \"y\": \"cc_city\", \"yref\": \"y\"}, {\"font\": {\"color\": \"#FFFFFF\", \"size\": 8}, \"showarrow\": false, \"text\": \"0.01\", \"x\": \"training_hours\", \"xref\": \"x\", \"y\": \"cc_city\", \"yref\": \"y\"}, {\"font\": {\"color\": \"#FFFFFF\", \"size\": 8}, \"showarrow\": false, \"text\": \"0.06\", \"x\": \"target\", \"xref\": \"x\", \"y\": \"cc_city\", \"yref\": \"y\"}, {\"font\": {\"color\": \"#000000\", \"size\": 8}, \"showarrow\": false, \"text\": \"1.0\", \"x\": \"cc_city\", \"xref\": \"x\", \"y\": \"cc_city\", \"yref\": \"y\"}, {\"font\": {\"color\": \"#FFFFFF\", \"size\": 8}, \"showarrow\": false, \"text\": \"-0.04\", \"x\": \"cc_gender\", \"xref\": \"x\", \"y\": \"cc_city\", \"yref\": \"y\"}, {\"font\": {\"color\": \"#FFFFFF\", \"size\": 8}, \"showarrow\": false, \"text\": \"0.01\", \"x\": \"cc_relevent_experience\", \"xref\": \"x\", \"y\": \"cc_city\", \"yref\": \"y\"}, {\"font\": {\"color\": \"#FFFFFF\", \"size\": 8}, \"showarrow\": false, \"text\": \"-0.08\", \"x\": \"cc_enrolled_university\", \"xref\": \"x\", \"y\": \"cc_city\", \"yref\": \"y\"}, {\"font\": {\"color\": \"#FFFFFF\", \"size\": 8}, \"showarrow\": false, \"text\": \"0.0\", \"x\": \"cc_education_level\", \"xref\": \"x\", \"y\": \"cc_city\", \"yref\": \"y\"}, {\"font\": {\"color\": \"#FFFFFF\", \"size\": 8}, \"showarrow\": false, \"text\": \"0.02\", \"x\": \"cc_major_discipline\", \"xref\": \"x\", \"y\": \"cc_city\", \"yref\": \"y\"}, {\"font\": {\"color\": \"#FFFFFF\", \"size\": 8}, \"showarrow\": false, \"text\": \"-0.04\", \"x\": \"cc_experience\", \"xref\": \"x\", \"y\": \"cc_city\", \"yref\": \"y\"}, {\"font\": {\"color\": \"#FFFFFF\", \"size\": 8}, \"showarrow\": false, \"text\": \"-0.01\", \"x\": \"cc_company_size\", \"xref\": \"x\", \"y\": \"cc_city\", \"yref\": \"y\"}, {\"font\": {\"color\": \"#FFFFFF\", \"size\": 8}, \"showarrow\": false, \"text\": \"-0.03\", \"x\": \"cc_company_type\", \"xref\": \"x\", \"y\": \"cc_city\", \"yref\": \"y\"}, {\"font\": {\"color\": \"#FFFFFF\", \"size\": 8}, \"showarrow\": false, \"text\": \"-0.01\", \"x\": \"cc_last_new_job\", \"xref\": \"x\", \"y\": \"cc_city\", \"yref\": \"y\"}, {\"font\": {\"color\": \"#FFFFFF\", \"size\": 8}, \"showarrow\": false, \"text\": \"0.05\", \"x\": \"enrollee_id\", \"xref\": \"x\", \"y\": \"cc_gender\", \"yref\": \"y\"}, {\"font\": {\"color\": \"#FFFFFF\", \"size\": 8}, \"showarrow\": false, \"text\": \"0.15\", \"x\": \"city_development_index\", \"xref\": \"x\", \"y\": \"cc_gender\", \"yref\": \"y\"}, {\"font\": {\"color\": \"#FFFFFF\", \"size\": 8}, \"showarrow\": false, \"text\": \"-0.0\", \"x\": \"training_hours\", \"xref\": \"x\", \"y\": \"cc_gender\", \"yref\": \"y\"}, {\"font\": {\"color\": \"#FFFFFF\", \"size\": 8}, \"showarrow\": false, \"text\": \"-0.08\", \"x\": \"target\", \"xref\": \"x\", \"y\": \"cc_gender\", \"yref\": \"y\"}, {\"font\": {\"color\": \"#FFFFFF\", \"size\": 8}, \"showarrow\": false, \"text\": \"-0.04\", \"x\": \"cc_city\", \"xref\": \"x\", \"y\": \"cc_gender\", \"yref\": \"y\"}, {\"font\": {\"color\": \"#000000\", \"size\": 8}, \"showarrow\": false, \"text\": \"1.0\", \"x\": \"cc_gender\", \"xref\": \"x\", \"y\": \"cc_gender\", \"yref\": \"y\"}, {\"font\": {\"color\": \"#FFFFFF\", \"size\": 8}, \"showarrow\": false, \"text\": \"-0.1\", \"x\": \"cc_relevent_experience\", \"xref\": \"x\", \"y\": \"cc_gender\", \"yref\": \"y\"}, {\"font\": {\"color\": \"#FFFFFF\", \"size\": 8}, \"showarrow\": false, \"text\": \"0.11\", \"x\": \"cc_enrolled_university\", \"xref\": \"x\", \"y\": \"cc_gender\", \"yref\": \"y\"}, {\"font\": {\"color\": \"#FFFFFF\", \"size\": 8}, \"showarrow\": false, \"text\": \"-0.01\", \"x\": \"cc_education_level\", \"xref\": \"x\", \"y\": \"cc_gender\", \"yref\": \"y\"}, {\"font\": {\"color\": \"#FFFFFF\", \"size\": 8}, \"showarrow\": false, \"text\": \"0.03\", \"x\": \"cc_major_discipline\", \"xref\": \"x\", \"y\": \"cc_gender\", \"yref\": \"y\"}, {\"font\": {\"color\": \"#FFFFFF\", \"size\": 8}, \"showarrow\": false, \"text\": \"0.01\", \"x\": \"cc_experience\", \"xref\": \"x\", \"y\": \"cc_gender\", \"yref\": \"y\"}, {\"font\": {\"color\": \"#FFFFFF\", \"size\": 8}, \"showarrow\": false, \"text\": \"0.03\", \"x\": \"cc_company_size\", \"xref\": \"x\", \"y\": \"cc_gender\", \"yref\": \"y\"}, {\"font\": {\"color\": \"#FFFFFF\", \"size\": 8}, \"showarrow\": false, \"text\": \"0.06\", \"x\": \"cc_company_type\", \"xref\": \"x\", \"y\": \"cc_gender\", \"yref\": \"y\"}, {\"font\": {\"color\": \"#FFFFFF\", \"size\": 8}, \"showarrow\": false, \"text\": \"0.04\", \"x\": \"cc_last_new_job\", \"xref\": \"x\", \"y\": \"cc_gender\", \"yref\": \"y\"}, {\"font\": {\"color\": \"#FFFFFF\", \"size\": 8}, \"showarrow\": false, \"text\": \"0.04\", \"x\": \"enrollee_id\", \"xref\": \"x\", \"y\": \"cc_relevent_experience\", \"yref\": \"y\"}, {\"font\": {\"color\": \"#FFFFFF\", \"size\": 8}, \"showarrow\": false, \"text\": \"-0.06\", \"x\": \"city_development_index\", \"xref\": \"x\", \"y\": \"cc_relevent_experience\", \"yref\": \"y\"}, {\"font\": {\"color\": \"#FFFFFF\", \"size\": 8}, \"showarrow\": false, \"text\": \"-0.01\", \"x\": \"training_hours\", \"xref\": \"x\", \"y\": \"cc_relevent_experience\", \"yref\": \"y\"}, {\"font\": {\"color\": \"#FFFFFF\", \"s